p sigma d
 10 0.050  0.155
 10 0.100  0.303
 10 0.200  0.624
 10 0.300  0.927
 10 0.350  1.073
 10 0.400  1.230
 10 0.500  1.544
 25 0.050  0.247
 25 0.100  0.493
 25 0.200  0.993
 25 0.300  1.492
 25 0.350  1.736
 25 0.400  1.981
 25 0.500  2.493
 50 0.050  0.354
 50 0.100  0.699
 50 0.200  1.404
 50 0.300  2.114
 50 0.350  2.463
 50 0.400  2.811
 50 0.500  3.507
100 0.050  0.499
100 0.100  0.996
100 0.200  2.003
100 0.300  2.981
100 0.350  3.500
100 0.400  3.986
100 0.500  5.000
400 0.050  0.999
400 0.100  1.998
400 0.200  3.997
400 0.300  6.008
400 0.350  6.984
400 0.400  8.002
400 0.500  9.988